mean_squared_error: 0.000279594
elementnorm_mse_error: 0.000453583
max_absolute_error: 0.0188753
