mean_squared_error: 0.0136915
elementnorm_mse_error: 0.0115442
max_absolute_error: 0.0445864
