mean_squared_error: 0.00223708
elementnorm_mse_error: 0.00277347
max_absolute_error: 0.464942
